0.0889046919352223
-0.09341224466100138
0.4528471989539067
0.07417558418617766
-0.37877544623616877
0.2556863153700187
0.9220672745790841
0.6696873713613738
-0.4976159573990386
-0.8947881032357202
-0.4407215990005625
0.029221880235611165
-1.6440450272145315
-0.15470906923379127
-0.8809920795571974
-0.5177912121523456
-0.38484921750009676
-0.22365798545899454
0.29106674361360513
0.7371682730105539
-0.09088773178525388
0.9662355862693871
-0.4703636644315558
0.2485551542181329
0.6388498920458358
0.06647673326164329
-0.5257333610251858
-0.6517582639440505
-0.323661035253587
0.15570146498988105
-0.7139078639894846
-0.14790946745038272
-0.11258908424502247
0.3824355805061378
0.1517869211677875
0.25128645241076236
-0.4623266434534784
-0.09165067931838647
0.5543543711642773
1.0560152900207915
-0.8902937757090722
1.0705057673175264
0.951677638788786
0.5524705896536322
0.18699836952881335
-0.221976950927875
1.0309763124392288
1.3861119484390954
1.2739482337044803
0.9299187900076311
0.2527061118401809
-0.8544102987207779
-0.003149547733518446
0.46419787827147563
-0.9110091276367364
0.27939348815109716
0.30395953359470346
0.4921765301097006
-0.8372978440188353
-0.4678943758173816
-0.30860632280379857
-0.8271748616311525
1.2299188208967673
-0.3506618389446061
0.23261665579573476
-0.1828384003332786
1.1196844104259647
0.933636207579732
0.44784793448178334
-1.5581167790168067
0.036790040517346086
0.48343914170168717
0.7099080383287305
-0.43692626145568375
1.288356590408404
-0.9336856929851307
-0.4677709501704638
0.6611801873438257
0.03468685008436524
1.415905374493211
0.13330319940937663
-0.44773583498216996
-0.26697771487868127
-0.7715568190339074
-0.9034563098395268
0.4457682400601374
0.410946286950884
0.9153913198716653
-0.5335868721225377
1.1943793337756552
-0.20321379702116607
1.1132747703272483
-0.30602580734437906
-0.5200652234646307
0.17662493007033472
0.7293474707869875
0.11385096353139586
-0.4140314021177967
-0.9483855548846951
-0.9910244479381408
0.35545045193269675
0.6998327972651
-0.1161738205576244
-0.75969067672185
0.6173340263805096
-0.9053752408978681
-0.504215285464185
0.4391259354761179
-1.5910900824616503
0.27320456248345226
-0.41128217964017505
0.07727241513257666
-0.053529062536915265
0.14291645931100078
0.4908536837549244
-0.536248393507018
1.00478602392093
0.5134258419423985
0.5966090870232202
0.8236832202035664
0.5569089723508743
0.5968537588921162
0.05345275477067032
-1.0088814652544844
-0.09549130600218823
-0.5441290202912747
-1.0060303523945902
0.18275372107116242
-0.07106868176845532
-0.12872555475143296
-0.13037513500894568
0.03355213496361433
0.044833993646293056
0.16530718372085415
-0.0017393335655117167
0.13022996990160277
0.1752831033465653
0.14377070451871152
-0.2956629882846218
0.15358546490042763
0.04245250103108033
0.05297141910666841
0.046403427217032354
0.04784464503384511
0.039926777531547615
-0.04486416356732756
-0.23770441229699932
-0.013614340988427905
-0.10046648106508457
0.13502042656723565
-0.03609581324942219
0.010434419513376232
-0.10620074445126788
-0.06382780848726584
-0.001441632710823347
-0.18567189803294315
0.03758563928682573
-0.013259031680968866
-0.14821497562565422
-0.2997791081747214
0.06413151673503813
-0.037198004867916294
-0.0662510516522698
-0.029519328731617753
0.227059492610143
-0.006225121132455399
0.010827407873567766
-0.18588410870942476
0.20591738329451248
0.11468599793053678
0.13336685837564738
0.00595909140145995
0.11458184860307447
0.04636835438680128
0.07664863473237578
-0.01902411980103629
-0.1842359935052449
0.12860679347539788
-0.24186995457621338
-0.029992083907254507
-0.025565311049957604
-0.13035751762306308
0.07664039204207247
-0.025041212676196044
-0.0546085406996602
0.06498021637220515
-0.05957238006980172
0.17362249685478856
0.04393188452341423
-0.059291623354304906
-0.24303312199819302
-0.16346914961264344
0.13585384809604542
-0.006325507888917801
-0.03539063320994184
0.20540645178033712
-0.1603311555092373
-0.07320722498016992
-0.05907345959481051
0.07329216019141255
-0.08294189978800587
-0.07667723107675352
-0.2006436746106392
0.09116867550223208
0.10076741981437774
-0.05954709342514525
0.02041749319266233
-0.1615807653449177
-0.05897664434261276
0.17224386909031514
0.016966341758391797
0.288795435849486
-0.09839909276964472
0.07253555209053844
-0.024438228479137795
0.07072723085351164
-0.0009014199573445624
-0.07014976380114489
-0.10845209554021283
0.3832545923811121
-0.009668132465527004
-0.25208258627915564
-0.08107507598791683
0.08475496589049963
-0.06250105414809352
0.1700557753106572
0.12529978410549472
-0.019042329478029474
-0.05902699284700542
-0.12560012587846206
-0.08749581778916558
-0.18414288433320314
0.15054953644163555
0.19883759839075774
-0.1570172587159666
-0.1477103719608079
-0.22106398213586462
-0.12048177884152175
-0.38829210016041144
-0.14278486957898995
0.16211442497506548
-0.04320906618305812
0.10682302935667604
-0.061121132980255614
0.22008341212414037
0.024902247876732127
-0.047750286517935066
0.31905300317138513
-0.0405589820356799
-0.15265291871576703
0.02523875024501374
-0.004854379819759966
0.13329056914578213
-0.1152042405622264
0.1005896164349372
0.10659355882178641
